100
0 0 0 0 0 0 11 0 0 0 0 0 0 0 0 0 0 9 0 0 0 13 0 0 0 0 13 0 1 0 11 15 0 0 0 0 0 0 0 0 0 0 0 0 15 0 12 0 0 0 0 0 0 0 0 0 3 0 0 0 0 2 0 13 6 0 0 3 0 0 0 0 0 0 0 0 0 0 4 0 0 0 0 0 0 0 0 0 0 0 0 0 11 0 0 0 0 12 0 19 
0 0 0 0 7 0 0 0 0 0 0 0 15 16 0 3 19 0 15 0 0 0 7 0 0 2 0 0 0 0 6 0 0 0 0 19 0 0 0 1 0 0 0 7 9 0 0 0 0 0 0 0 16 0 0 0 0 0 0 0 0 0 0 5 11 6 0 0 0 0 10 17 0 0 12 0 0 0 0 0 0 0 0 0 0 0 0 0 0 13 9 0 0 0 0 0 0 0 0 0 
0 10 11 0 0 7 0 0 17 0 11 0 0 0 12 0 0 0 0 13 0 0 7 13 0 15 0 0 0 0 0 0 0 0 0 5 0 0 0 17 0 11 0 0 0 9 0 0 0 0 0 0 5 0 0 0 0 0 0 2 0 1 0 0 0 0 17 0 15 0 0 0 0 0 0 0 15 0 0 0 0 0 0 0 12 0 0 0 0 0 0 0 0 0 0 0 0 0 0 0 
0 15 0 0 0 0 0 0 0 0 0 0 0 0 0 0 3 9 0 0 2 0 2 0 0 1 0 0 0 0 0 0 0 0 0 0 18 0 0 0 0 1 0 0 4 0 0 0 0 0 17 9 0 0 5 0 0 0 0 1 0 0 0 0 0 0 0 0 16 0 0 0 12 0 0 0 6 0 0 0 0 0 0 3 0 0 0 0 0 0 0 0 0 0 0 0 0 0 0 0 
0 0 0 0 15 0 0 6 0 0 0 0 7 0 0 0 15 0 0 0 0 0 0 0 10 0 0 0 0 0 0 0 0 0 0 0 15 0 0 0 0 0 6 0 0 0 0 0 2 0 0 0 0 7 0 0 5 0 10 0 0 0 0 0 0 0 0 0 1 0 0 0 0 0 0 0 0 0 0 0 0 0 14 0 16 0 0 0 0 0 0 0 0 0 0 0 0 0 0 0 
0 0 0 13 0 0 0 7 0 0 0 0 1 4 0 0 19 0 1 2 9 4 5 0 0 4 0 0 0 0 4 0 0 0 0 0 0 0 7 0 2 0 0 0 0 0 0 0 0 0 0 19 0 17 0 0 15 0 0 0 3 0 17 8 0 0 0 0 0 0 0 0 0 0 0 0 0 0 0 0 0 0 0 0 0 0 0 0 0 0 0 0 0 0 0 13 12 0 0 0 
0 0 0 0 0 0 0 9 0 0 0 10 0 19 0 9 5 0 0 0 0 0 0 0 0 3 0 0 4 0 0 0 0 0 0 0 0 0 0 16 0 2 7 0 0 0 0 18 4 0 9 0 0 4 0 0 0 0 0 0 0 0 0 0 0 0 0 0 0 0 0 0 0 0 0 1 0 18 16 15 0 0 0 0 19 0 10 0 0 0 0 0 0 0 0 0 0 0 9 0 
14 0 19 0 0 0 0 18 0 0 0 11 0 16 0 0 0 0 0 0 0 0 0 0 0 0 0 0 0 0 0 0 0 4 0 0 0 12 0 0 0 0 0 0 0 0 0 0 0 0 0 0 1 0 0 0 7 0 0 17 0 12 9 0 0 0 0 10 0 0 0 8 0 7 1 0 14 0 0 0 0 0 0 0 0 10 0 0 0 0 0 14 10 8 0 0 0 0 11 0 
1 0 0 0 10 0 2 14 3 0 0 0 0 0 0 0 0 0 0 0 0 6 0 0 0 0 1 9 14 0 17 0 0 0 0 0 8 0 0 0 0 0 0 0 12 6 8 0 0 13 0 0 0 2 0 0 15 0 0 0 0 0 0 0 0 2 0 0 10 0 10 0 0 0 0 0 15 0 0 0 0 0 13 0 0 0 3 0 17 0 0 0 0 0 0 0 0 0 0 0 
0 0 9 0 0 14 0 0 0 0 0 0 0 0 0 0 0 0 0 15 7 0 0 6 0 0 0 0 0 0 0 1 11 0 0 0 0 0 12 0 7 15 0 0 0 0 7 0 0 0 0 0 0 11 0 0 2 0 0 1 11 0 0 6 0 13 0 0 16 0 0 0 0 9 19 0 9 7 0 0 0 0 0 0 5 0 0 0 0 0 0 17 0 0 0 1 0 0 0 0 
0 0 0 0 9 0 0 0 0 0 4 16 0 0 0 0 0 0 1 0 0 0 0 0 0 15 0 0 0 0 0 0 0 0 0 11 0 0 0 7 0 0 0 0 0 0 0 0 0 0 7 0 0 0 1 0 0 0 0 0 0 0 6 0 0 0 1 0 0 7 16 0 0 0 0 0 0 0 0 0 8 0 0 0 0 0 0 0 1 0 7 0 0 18 0 0 0 0 0 0 
0 0 0 0 0 0 0 0 0 0 0 0 0 0 0 0 0 0 0 4 0 5 0 0 0 0 0 0 0 0 14 0 16 0 0 0 0 0 0 0 0 0 0 0 0 0 0 0 0 0 0 0 0 4 0 0 0 0 0 0 0 0 0 0 0 0 0 2 17 0 0 0 0 0 15 0 0 0 0 0 3 0 0 0 1 0 0 0 0 0 0 0 0 0 0 0 3 6 7 0 
0 0 0 18 0 0 5 0 0 0 0 12 1 0 0 0 0 0 0 0 0 0 0 0 15 2 0 0 0 0 7 0 0 6 0 0 19 0 0 8 0 0 0 0 10 16 0 0 0 0 0 13 19 0 0 0 0 18 0 0 0 0 0 0 0 5 0 0 6 0 0 0 0 0 0 0 0 0 3 0 0 0 7 0 0 0 0 0 0 0 0 0 0 0 13 0 0 0 2 0 
0 0 10 0 14 5 18 0 0 10 1 0 0 0 0 0 0 0 0 0 0 0 19 0 0 0 0 0 0 3 0 0 0 0 0 0 12 0 0 0 0 10 0 0 0 0 0 0 0 6 0 4 4 0 0 0 15 0 0 0 0 0 0 0 0 0 0 0 0 0 0 0 4 0 0 0 6 9 3 0 0 0 0 0 0 11 0 17 7 0 0 0 0 0 0 0 0 7 0 0 
0 0 0 0 0 0 5 0 0 0 0 0 0 0 0 0 0 0 0 5 0 0 0 6 18 0 0 0 11 0 0 0 0 0 0 0 0 0 0 3 0 0 0 0 0 0 0 0 0 0 0 11 0 0 0 0 0 10 0 0 0 0 0 5 0 0 0 0 0 0 9 0 0 4 0 0 0 0 0 0 0 0 0 0 0 0 8 0 0 0 0 0 0 0 0 0 0 0 0 6 
0 0 0 0 0 0 0 0 0 0 16 14 0 0 3 0 8 0 1 0 0 0 0 0 0 0 0 0 4 0 0 0 0 0 6 0 0 5 0 0 0 7 8 0 0 3 2 17 14 0 0 15 0 15 0 0 9 0 0 2 0 0 0 0 0 0 0 0 8 0 0 6 0 2 11 0 0 0 0 14 0 0 0 0 0 0 0 0 0 2 19 14 0 0 0 13 13 0 13 3 
0 0 0 0 0 0 0 4 13 0 0 0 0 0 0 0 13 0 0 0 12 0 3 0 17 0 0 12 6 0 0 0 4 17 0 0 0 0 0 0 3 0 0 0 0 0 0 0 0 0 0 0 2 0 15 0 0 0 0 0 0 0 0 0 0 0 0 1 0 0 0 0 0 0 0 0 0 1 0 6 0 0 0 14 0 0 3 0 2 0 0 0 0 0 0 0 0 0 0 0 
0 0 9 0 0 0 0 0 0 0 0 0 16 0 0 0 0 0 0 0 0 0 0 0 0 0 0 7 0 5 13 0 0 0 8 0 0 0 0 5 0 0 0 0 0 0 0 0 0 17 0 0 0 0 0 0 0 0 0 0 0 17 0 0 0 0 0 0 0 18 3 1 0 0 0 0 0 1 0 0 0 0 0 11 0 0 0 0 0 0 0 0 0 0 0 0 0 0 17 0 
0 0 0 0 0 0 0 0 0 4 0 11 0 0 16 14 5 0 0 0 0 0 0 0 0 17 0 0 0 0 0 0 7 0 0 0 13 0 0 0 0 0 0 0 0 3 0 0 0 0 0 0 9 0 0 0 5 0 0 0 0 0 0 0 0 0 14 12 0 0 0 0 0 18 7 15 0 0 0 0 0 0 19 0 0 11 0 0 0 14 0 0 1 0 0 0 0 0 0 0 
0 0 0 1 0 0 0 0 0 6 0 15 0 0 0 0 18 0 0 0 0 14 0 0 12 0 0 17 17 0 0 0 0 12 0 0 0 5 0 18 0 0 0 4 0 3 0 0 0 0 14 0 0 0 0 10 0 0 0 10 8 0 0 0 0 0 0 14 0 0 0 0 0 0 0 0 0 0 12 0 0 0 0 0 6 0 0 0 0 0 0 0 0 0 0 6 18 0 0 0 
0 14 0 0 0 0 0 0 0 0 10 0 11 0 9 0 0 0 0 0 12 0 0 17 0 0 0 0 18 0 0 0 0 0 0 0 0 0 0 0 15 13 0 0 8 0 0 13 0 0 0 0 0 0 0 0 0 0 9 0 0 0 1 0 0 11 0 0 0 0 0 0 0 0 0 0 2 0 0 0 0 0 0 12 0 0 0 0 0 0 0 0 0 0 0 0 0 0 0 0 
0 0 0 0 0 0 0 0 18 15 0 0 0 1 0 0 0 0 5 0 0 0 0 0 0 0 0 0 0 17 0 17 0 0 0 0 10 0 0 15 0 0 0 0 17 0 0 0 0 17 0 6 0 0 0 0 0 0 0 0 4 0 0 0 12 0 0 0 0 0 0 0 0 0 0 0 0 6 0 0 0 9 0 0 0 0 6 0 0 0 0 0 0 6 0 0 0 0 0 12 
0 0 0 0 0 0 0 0 0 0 0 0 0 0 0 0 0 5 4 0 0 0 0 0 0 0 6 0 0 0 0 0 4 17 0 0 0 0 0 0 0 0 17 0 0 0 0 17 11 0 18 0 0 19 0 0 0 17 0 0 0 0 0 0 0 0 0 0 0 9 0 0 1 0 0 0 10 16 1 0 0 0 0 0 0 0 0 9 0 0 0 0 6 0 0 0 0 0 0 3 
14 0 0 0 0 0 0 0 18 5 0 0 0 0 0 0 14 0 0 0 0 0 0 0 0 0 0 13 0 0 0 0 0 0 0 9 0 0 0 0 0 0 0 0 0 0 0 0 0 0 0 3 0 0 0 0 0 0 14 19 0 0 0 15 2 0 0 0 0 0 0 0 0 0 0 0 0 0 0 12 16 0 0 0 0 0 12 0 0 0 0 0 0 0 0 0 11 0 15 0 
4 0 0 8 0 0 0 0 0 13 0 1 0 0 0 0 16 0 0 0 0 0 0 0 0 0 0 0 12 10 0 18 0 0 0 10 3 0 3 2 0 0 3 0 2 0 15 0 0 4 0 0 0 0 0 0 0 0 19 5 13 0 0 17 0 4 0 0 11 3 0 0 12 0 0 16 9 0 0 0 0 0 0 0 0 5 13 0 0 17 0 0 11 0 0 0 0 0 12 17 
19 0 0 18 0 0 0 0 0 0 13 0 0 0 0 0 0 0 0 0 0 0 0 0 0 0 0 0 0 0 9 0 0 13 0 0 0 0 0 0 0 0 0 2 0 0 0 0 17 0 0 14 0 0 0 0 0 0 4 19 14 0 9 0 1 0 8 17 0 0 6 15 0 0 0 0 0 0 10 0 0 0 0 1 17 0 0 3 0 0 0 0 19 0 0 0 0 0 0 0 
0 0 0 0 0 0 0 0 7 4 17 0 0 13 14 0 0 0 0 0 0 0 0 0 0 0 3 4 0 17 0 0 0 0 0 0 0 0 13 0 0 0 0 0 0 0 0 15 0 0 0 0 14 19 0 0 0 17 0 0 18 0 0 18 0 3 0 0 0 0 0 0 0 6 19 0 5 0 0 0 0 0 0 17 0 0 0 17 0 0 0 8 1 10 15 0 0 0 0 2 
0 0 0 0 0 0 19 0 12 0 0 0 0 0 0 0 0 0 5 0 0 0 12 0 12 0 10 0 0 0 0 0 0 9 0 15 0 0 0 0 0 0 0 5 0 0 0 0 0 0 0 0 0 0 0 0 0 0 17 0 10 4 0 9 0 0 0 0 0 7 0 0 0 11 0 0 0 0 0 0 3 0 0 0 8 0 0 0 0 13 0 0 0 0 0 4 0 0 0 0 
0 5 0 0 11 0 12 0 0 8 0 0 0 0 0 0 0 0 0 0 0 0 8 0 0 0 0 0 0 0 0 0 0 0 0 0 0 0 0 0 0 0 15 0 0 0 6 13 16 0 0 0 0 7 13 2 0 0 0 0 0 0 12 0 0 1 0 0 15 0 14 0 0 0 0 0 1 0 0 9 0 0 0 11 0 0 0 0 0 0 0 0 0 0 0 0 0 0 0 0 
0 0 0 15 0 0 1 0 0 0 0 0 0 0 0 0 0 0 12 0 0 0 0 0 18 0 17 0 1 0 0 0 0 0 0 9 0 0 0 16 0 0 0 0 10 0 7 0 0 0 0 0 0 0 0 7 0 0 19 0 0 0 0 0 15 0 13 0 0 4 0 0 0 0 19 0 0 0 0 0 0 0 0 0 0 0 0 0 0 0 4 0 0 0 0 0 16 0 0 0 
0 0 13 0 1 6 0 0 0 0 0 8 0 11 6 0 0 0 0 0 0 0 0 0 6 0 0 4 0 0 0 0 6 13 0 0 0 0 0 0 0 0 0 0 0 19 12 0 0 19 0 0 0 0 11 0 17 0 0 0 0 1 0 0 0 0 0 0 0 0 0 12 0 18 0 3 0 0 0 0 0 2 15 0 0 0 0 3 0 0 0 0 16 0 0 0 0 19 0 12 
0 0 0 0 0 0 0 0 5 0 19 0 0 10 5 0 0 0 7 0 11 0 0 0 6 0 3 0 14 0 0 0 0 0 0 0 12 0 0 0 0 0 12 0 0 0 0 12 0 0 0 0 0 0 0 0 4 13 0 0 0 14 0 0 0 0 0 0 0 0 0 0 3 0 0 0 0 2 0 0 0 0 0 0 0 17 0 0 0 10 0 15 0 0 0 10 0 0 7 0 
11 0 0 0 0 0 15 7 17 0 0 0 0 10 13 0 0 13 0 0 0 0 0 0 0 0 0 0 0 4 0 7 0 0 0 0 0 0 0 0 0 0 0 0 0 0 0 0 0 0 0 0 0 0 0 0 14 0 0 0 0 11 0 0 0 0 0 19 1 0 4 14 1 10 0 0 19 0 0 3 0 0 4 18 0 0 0 0 0 0 0 0 0 10 15 0 0 5 0 0 
0 0 0 10 0 0 0 0 0 0 7 0 18 15 0 0 1 0 0 16 0 10 0 0 0 0 0 0 0 0 0 0 0 0 0 0 17 4 0 0 0 0 0 1 0 0 0 0 0 0 0 0 0 19 0 0 0 0 0 0 0 0 0 0 0 0 0 0 0 0 0 0 0 0 0 4 0 0 0 13 0 0 0 0 11 0 0 3 0 0 0 0 0 0 0 13 16 0 0 16 
12 0 0 5 0 0 0 0 0 16 0 0 0 0 0 0 0 6 0 0 15 0 0 0 0 0 0 0 0 0 0 0 5 0 0 0 0 0 0 19 0 0 0 0 0 7 0 0 14 0 0 5 0 0 0 0 0 0 0 0 0 0 0 0 0 0 2 0 0 0 0 0 6 0 13 0 0 0 0 0 0 0 0 0 0 0 0 0 0 0 1 5 0 0 3 5 0 1 0 0 
0 0 0 0 0 15 4 0 0 0 0 0 0 0 0 0 0 0 0 10 0 0 0 0 0 0 0 5 0 1 0 0 15 0 0 6 0 0 0 0 0 0 0 0 0 0 0 5 0 0 0 0 0 0 12 0 10 2 0 0 11 0 0 0 0 0 0 0 0 1 1 0 6 0 17 0 0 0 0 3 0 0 0 0 16 0 10 9 5 8 0 0 0 0 0 0 0 0 2 0 
0 10 0 0 0 0 0 4 0 0 1 0 3 0 0 0 6 10 0 0 0 0 0 0 0 0 0 0 0 3 16 0 0 0 7 16 0 0 15 10 0 12 0 0 0 15 0 0 0 0 0 0 8 0 0 0 0 0 0 0 0 0 0 0 0 5 6 0 0 1 0 0 0 0 0 0 0 0 0 9 0 2 0 0 0 0 0 0 19 0 0 0 0 0 19 0 0 0 0 0 
0 0 14 0 6 0 0 0 0 0 10 0 0 0 8 19 0 2 0 6 11 0 0 0 0 8 0 0 0 17 4 0 7 2 0 0 0 0 17 0 0 12 11 0 0 0 0 0 0 2 0 0 0 0 0 0 19 14 0 0 0 0 0 19 9 0 0 0 12 0 0 0 0 0 9 0 0 0 0 0 0 11 0 0 1 0 4 0 0 0 0 0 0 0 0 0 0 0 2 0 
6 0 13 0 0 0 0 0 0 0 0 0 0 0 0 0 3 0 0 0 0 0 0 18 14 0 0 0 0 0 4 0 11 0 0 0 0 0 0 0 0 5 6 0 5 0 0 0 0 0 0 17 15 10 0 0 3 0 3 0 0 0 0 0 0 0 0 0 6 0 0 9 0 0 15 0 0 15 12 0 0 19 0 0 0 0 0 6 0 0 0 19 0 0 0 0 10 0 3 0 
8 0 0 10 16 0 0 0 17 0 0 0 18 0 0 0 10 2 0 0 0 0 0 0 0 8 0 0 16 0 0 0 0 0 0 0 0 0 0 0 8 0 0 0 0 0 0 0 4 0 0 5 0 0 12 0 0 0 0 0 0 0 0 19 6 0 12 16 5 18 0 0 0 0 0 0 0 0 0 0 0 0 0 0 0 0 15 0 0 0 15 0 0 16 0 0 0 0 0 0 
0 0 0 0 0 0 0 0 0 0 0 0 0 0 0 0 15 17 0 7 0 0 0 12 0 0 0 0 0 0 2 0 0 0 0 0 0 0 0 0 13 0 0 13 0 0 0 0 0 3 0 0 1 0 0 0 0 0 0 15 0 0 15 9 18 0 0 0 0 0 0 0 0 0 0 0 5 11 10 9 0 0 0 6 0 0 0 0 4 9 0 0 0 0 0 7 0 0 11 0 
0 0 0 2 0 0 0 0 0 16 8 0 0 0 0 0 0 0 0 0 1 0 0 0 0 3 0 0 0 0 0 0 0 0 0 7 0 0 0 7 0 0 0 3 0 0 0 8 0 0 0 0 0 0 0 0 0 0 0 0 19 0 0 14 0 0 0 0 8 0 0 0 0 0 0 0 0 1 0 7 0 0 12 0 0 0 8 11 0 0 17 0 0 0 0 0 7 0 4 0 
0 0 0 0 0 0 0 0 0 0 0 0 0 0 0 0 0 0 0 0 9 0 0 9 0 0 6 9 0 0 0 0 0 17 14 0 0 0 0 0 0 18 0 0 0 0 0 0 0 0 9 0 0 0 0 0 17 0 0 0 0 0 0 0 0 0 0 0 0 0 0 0 0 0 0 0 6 0 0 0 0 0 0 0 0 9 0 3 0 18 0 0 0 0 8 0 18 0 13 0 
0 0 2 18 18 0 0 0 0 0 16 0 0 0 0 0 0 0 0 2 0 0 18 0 0 0 0 0 0 3 0 0 0 0 3 0 0 14 18 0 0 0 0 0 3 0 0 0 16 0 0 0 0 13 0 2 0 0 0 0 0 0 5 15 0 0 0 9 0 0 0 0 0 0 0 0 0 0 0 0 18 0 0 0 3 0 0 14 8 0 0 0 0 0 0 0 0 0 3 0 
0 0 0 0 0 0 1 0 0 0 8 19 0 0 0 6 15 0 7 19 2 0 0 12 2 0 0 0 0 0 0 0 0 6 0 18 0 0 0 16 0 0 0 0 0 16 0 0 10 6 0 0 0 15 0 0 0 0 0 0 0 0 0 0 8 0 0 0 0 0 0 0 0 1 0 0 0 0 0 0 0 0 0 0 0 0 0 0 0 0 0 0 0 0 0 5 0 7 0 18 
0 0 0 0 0 0 0 0 19 2 2 0 0 0 10 0 0 0 0 0 0 0 0 0 0 0 0 0 0 0 6 0 0 0 0 0 0 0 0 0 0 0 0 0 0 0 0 0 0 0 0 0 0 0 0 3 0 0 0 0 0 0 0 0 0 0 0 0 0 0 0 0 0 4 0 0 15 0 0 0 0 14 0 0 12 0 0 0 0 3 5 0 6 0 0 0 0 0 0 0 
0 0 0 0 0 0 7 11 0 0 0 0 0 0 16 0 0 11 0 0 0 0 0 0 1 0 0 0 0 0 0 0 0 0 0 17 0 0 19 0 0 0 0 0 15 0 0 0 0 2 0 0 0 0 0 0 0 0 0 0 0 0 0 0 4 0 0 0 0 0 13 0 0 0 4 0 11 0 0 0 0 0 0 0 0 13 0 0 0 0 15 14 0 0 0 0 0 13 0 0 
0 0 0 0 0 0 0 0 0 18 0 0 0 0 7 17 8 0 8 0 0 0 0 0 0 9 0 0 0 0 0 0 0 14 7 0 0 0 0 0 0 0 0 0 16 0 0 0 0 0 0 0 0 15 9 14 0 0 0 0 0 0 0 0 0 0 0 0 0 0 0 18 0 0 0 0 0 0 0 0 0 14 0 0 5 4 17 14 0 0 0 0 0 0 0 0 0 0 0 15 
0 0 17 0 0 11 0 18 0 0 0 0 0 0 0 2 0 0 0 1 5 0 0 0 0 4 16 0 0 0 0 13 0 11 12 0 0 0 0 17 0 0 0 0 0 12 0 0 0 0 0 0 0 0 0 0 0 0 0 10 0 0 0 0 2 0 0 0 0 0 12 0 1 0 0 0 0 0 0 0 6 0 11 0 0 0 0 0 0 0 7 0 0 0 0 0 0 0 0 0 
10 0 0 15 11 11 6 0 0 0 0 0 0 0 13 11 0 0 0 0 0 0 0 0 0 0 0 0 0 0 0 0 0 0 17 0 0 0 12 0 0 0 19 0 14 18 6 0 0 0 1 0 0 0 0 0 0 0 0 0 0 0 0 0 0 0 0 0 0 0 0 0 0 7 0 0 0 3 0 0 0 0 0 12 0 0 0 0 0 0 0 9 0 0 0 0 0 0 0 17 
0 0 0 0 0 0 0 0 3 0 16 0 0 15 0 0 0 0 0 0 0 0 0 0 0 0 0 0 8 0 0 0 7 0 0 13 0 0 0 0 0 0 0 0 0 0 0 0 0 0 8 0 0 0 0 0 0 0 0 0 0 18 0 0 0 0 0 0 0 0 0 0 4 0 0 0 2 9 0 0 1 0 0 0 0 7 0 0 9 0 19 0 0 0 0 9 0 2 0 0 
19 12 0 17 19 0 0 0 0 0 15 0 0 0 0 0 0 0 12 1 0 0 0 0 0 0 0 0 0 0 18 0 0 0 0 8 13 0 0 0 0 18 0 0 0 0 0 0 0 0 0 4 0 0 0 0 0 0 0 0 0 0 0 0 0 0 1 0 0 4 0 0 0 0 15 0 0 0 10 0 0 0 0 8 0 0 15 17 0 0 0 18 0 0 0 0 0 2 0 0 
5 0 0 0 0 0 0 0 0 6 0 0 0 7 0 9 16 10 0 0 0 7 0 1 0 0 0 0 0 0 11 0 0 9 0 2 0 0 0 15 0 0 0 0 0 0 0 0 0 17 9 0 0 0 0 16 0 12 0 0 0 0 0 0 0 0 0 0 0 6 0 0 0 17 0 17 2 0 0 16 5 0 0 0 0 8 0 0 0 18 18 0 0 6 0 0 0 0 0 0 
0 0 8 0 0 0 4 0 0 0 11 0 5 0 0 0 0 0 0 0 0 17 0 9 0 0 10 0 0 0 4 0 0 0 0 0 2 0 0 0 0 0 0 0 0 0 0 0 2 6 0 0 0 0 0 0 8 0 0 0 0 0 0 0 0 0 0 0 0 0 0 0 0 0 0 0 6 0 0 15 0 0 0 0 13 1 0 0 0 7 0 5 0 0 0 0 0 6 0 0 
0 0 0 0 0 0 18 0 0 0 0 0 0 0 0 0 9 0 0 0 16 0 0 0 16 0 0 0 0 0 0 3 19 13 18 0 0 0 19 15 5 17 0 18 0 10 0 15 0 9 17 0 0 0 0 0 0 0 0 0 0 0 0 0 0 0 6 0 0 0 0 0 0 0 0 14 16 0 15 0 0 6 0 0 15 0 0 0 0 0 0 13 0 0 0 0 0 0 0 0 
0 2 0 0 7 0 14 11 0 5 0 0 0 0 0 0 0 7 18 0 6 0 0 0 0 17 0 0 0 0 0 13 0 0 0 0 12 0 1 0 0 0 18 10 0 4 10 0 0 0 0 0 0 0 0 0 0 10 0 0 0 0 0 1 0 0 0 0 0 9 0 0 0 0 0 0 0 0 0 0 0 0 18 19 0 10 0 0 15 0 0 5 0 0 0 0 0 0 0 0 
0 0 0 0 16 0 0 0 0 0 0 0 0 6 0 0 9 0 0 13 0 14 15 0 0 0 0 0 0 1 0 8 0 0 0 0 0 7 0 13 0 0 0 0 15 5 14 0 0 0 0 7 0 0 0 0 0 0 0 0 0 0 0 5 0 0 0 0 2 0 0 0 0 15 0 0 0 0 0 0 0 3 0 5 0 0 12 0 0 17 0 0 0 0 16 0 2 0 0 18 
0 0 0 0 0 0 0 6 0 0 0 0 0 0 0 0 0 10 0 19 0 13 0 0 17 0 0 0 0 0 0 0 0 0 0 0 0 0 0 0 0 3 0 0 18 0 12 13 0 1 0 0 12 0 2 0 0 0 0 0 7 8 0 11 0 0 0 0 0 0 0 6 0 0 0 0 0 0 0 15 0 13 0 0 8 0 0 0 15 0 0 7 0 0 0 0 0 0 0 0 
0 11 0 0 0 18 0 0 0 0 0 0 0 13 0 10 0 0 0 0 0 0 0 0 0 0 16 0 0 0 0 0 19 0 0 0 7 0 0 0 11 0 0 8 16 0 0 0 0 0 0 0 0 0 0 0 0 0 0 0 15 0 14 0 0 0 7 4 0 0 0 19 0 19 0 0 10 0 0 1 0 0 0 7 0 0 0 0 2 0 0 0 10 0 0 0 0 8 0 0 
8 0 0 0 1 0 2 13 0 17 0 0 2 0 0 0 0 0 0 0 0 0 0 0 0 0 0 0 0 18 0 5 0 0 18 0 0 10 0 0 0 0 0 0 0 0 0 0 0 3 0 0 0 18 0 0 0 5 12 0 0 0 0 0 0 0 0 0 0 0 14 0 8 12 7 0 0 0 0 0 0 0 0 7 0 0 13 0 0 2 0 0 1 0 0 0 0 0 0 18 
0 0 3 0 0 0 0 0 0 0 0 1 14 0 0 18 0 0 0 12 0 0 0 0 3 2 0 12 16 0 0 0 0 0 0 0 0 0 9 0 0 0 0 1 1 0 0 0 0 0 17 0 0 0 0 0 13 0 6 0 5 0 0 17 3 7 0 0 0 0 0 5 0 0 0 0 0 0 11 0 4 0 14 11 0 0 0 0 0 0 0 0 17 0 0 0 0 0 0 0 
11 0 0 2 0 0 2 18 0 18 0 0 5 0 0 0 0 0 0 0 0 0 0 0 0 15 11 0 0 0 16 0 0 11 0 0 11 8 0 0 0 15 0 0 15 16 0 0 0 0 0 12 2 0 9 0 12 0 6 0 0 0 0 0 6 0 0 0 0 8 0 0 0 0 0 0 0 0 0 0 0 0 0 0 0 0 0 0 0 12 2 5 0 0 0 0 18 19 0 4 
0 0 0 0 0 0 0 0 0 0 0 0 0 0 0 0 0 0 0 0 0 0 0 0 0 0 0 13 0 0 0 0 0 0 0 0 0 0 0 0 0 0 0 0 16 0 0 0 0 0 0 14 0 0 0 0 4 0 0 0 0 15 0 16 2 0 11 9 11 0 0 0 0 0 0 0 0 0 0 0 0 0 0 0 10 0 18 0 0 10 0 0 0 0 0 0 0 0 0 3 
0 0 0 0 0 0 0 2 0 0 0 0 0 0 0 0 0 0 14 0 0 0 17 0 0 11 0 0 0 0 19 0 0 4 0 0 0 0 19 0 0 0 0 6 0 0 0 0 2 0 4 0 10 1 16 0 0 0 0 13 0 0 0 1 0 0 0 0 0 6 0 0 0 0 0 0 0 0 0 6 0 0 0 0 0 0 0 8 0 0 8 0 0 0 12 0 0 0 0 0 
0 0 15 0 0 13 10 0 0 0 0 17 0 2 0 0 0 0 0 0 2 0 0 0 0 0 15 0 0 10 0 0 0 0 0 18 10 0 0 0 0 0 13 0 0 0 0 0 0 18 0 0 18 0 0 19 0 0 0 0 0 0 0 0 0 0 11 0 0 0 0 0 4 0 0 12 0 14 0 0 0 14 0 0 0 0 5 0 1 0 0 0 0 0 0 0 18 0 0 0 
0 13 0 0 0 0 0 0 0 0 0 0 0 0 0 0 0 0 0 5 0 0 0 0 3 4 0 0 0 0 2 0 0 0 0 0 12 0 0 0 0 0 0 0 3 1 7 8 0 0 0 0 0 0 0 0 0 0 0 0 0 0 19 0 0 0 0 0 0 0 0 0 0 0 0 0 0 0 0 0 0 7 14 0 0 18 2 0 9 0 0 0 0 0 3 18 0 0 0 1 
0 0 3 0 19 0 0 0 0 0 0 0 0 0 0 14 0 0 0 0 10 16 16 0 0 0 7 0 0 0 0 0 0 0 0 0 0 0 17 0 0 0 0 3 0 0 0 0 6 0 0 0 0 1 0 0 0 0 0 0 0 0 0 0 0 10 0 0 5 0 0 0 0 6 0 0 0 0 0 0 0 0 0 0 2 0 0 19 0 0 0 11 0 0 0 6 0 0 13 0 
6 0 0 0 0 0 5 0 0 0 0 0 0 0 0 0 5 1 0 17 0 0 0 8 0 0 0 0 1 0 0 19 0 3 0 0 0 0 18 0 0 0 0 14 0 10 0 0 0 12 0 2 0 0 0 0 1 14 0 0 0 0 0 0 0 0 3 0 0 4 0 0 17 15 0 1 0 0 0 1 0 0 0 1 8 0 16 9 0 0 0 0 12 0 0 0 0 0 0 17 
0 18 0 0 0 0 0 0 18 10 0 0 11 0 0 0 0 0 0 11 0 17 0 0 0 4 0 12 0 0 0 0 0 0 0 0 0 0 0 0 0 0 3 8 0 0 0 0 0 0 0 12 0 0 0 0 0 10 13 15 0 0 0 1 0 0 0 0 0 9 0 0 0 0 0 18 0 3 0 11 0 4 0 0 0 0 0 0 0 0 0 0 0 0 0 18 0 0 0 0 
6 0 0 15 0 0 18 0 0 9 0 2 0 0 0 9 0 10 0 0 0 11 0 0 0 19 0 0 5 0 0 0 0 0 0 0 0 0 0 0 0 0 19 0 0 8 0 18 0 0 0 0 0 0 0 6 0 10 0 0 0 18 0 0 6 0 0 0 0 0 0 0 0 0 0 0 0 0 0 1 11 16 0 0 16 0 0 0 14 0 1 0 0 2 0 0 0 0 0 0 
0 0 19 2 0 19 11 0 0 0 0 0 0 16 0 0 0 0 0 1 0 0 0 0 0 0 0 3 0 3 0 11 0 0 0 8 0 0 0 0 0 0 2 0 0 0 0 1 0 0 0 0 11 0 2 0 0 0 0 0 0 0 0 18 0 0 0 0 0 0 0 0 0 0 0 0 0 0 0 0 0 0 0 0 2 0 0 0 0 0 0 0 0 0 0 0 0 0 0 0 
0 0 0 0 0 0 0 0 18 0 0 0 0 0 0 0 0 0 0 0 0 0 0 0 12 0 0 0 0 0 0 0 19 0 0 0 10 0 0 0 0 0 0 14 18 0 0 10 0 0 0 7 0 8 0 0 0 0 0 0 0 0 0 0 0 8 0 0 8 0 2 0 0 0 0 15 0 0 7 0 0 0 0 7 0 0 0 0 0 0 0 5 0 2 4 0 0 0 0 0 
0 0 0 0 0 0 0 0 0 0 0 3 6 0 0 0 0 0 0 0 0 18 0 4 0 3 0 0 0 0 0 0 0 0 18 0 0 0 0 0 0 5 0 0 0 0 0 0 0 0 0 0 0 4 0 0 4 0 0 9 0 11 2 0 0 0 0 0 0 0 0 0 7 0 3 0 0 0 0 0 0 0 0 10 0 0 0 0 6 0 0 0 0 0 0 0 0 0 0 0 
0 0 0 0 0 0 0 0 0 0 0 3 0 0 0 0 0 0 0 0 0 0 6 0 0 0 18 19 0 5 0 0 0 0 12 17 0 0 0 0 0 0 10 0 0 0 0 0 4 0 0 0 18 0 0 0 0 2 0 0 0 10 0 0 0 0 0 0 0 0 0 0 0 17 4 0 0 18 0 0 0 4 0 0 0 0 0 0 0 0 0 0 0 0 0 0 15 0 0 0 
0 0 0 0 0 0 0 3 0 0 6 9 0 0 16 0 11 0 0 0 6 0 0 0 0 0 0 0 2 8 2 1 0 0 0 0 0 0 0 0 0 18 0 0 0 0 0 0 0 0 0 0 0 0 0 0 18 0 0 0 0 4 0 0 0 0 6 0 0 0 0 0 0 0 0 10 0 0 0 0 0 0 0 0 0 0 0 14 0 0 0 0 0 10 10 0 0 0 0 19 
8 0 0 0 0 0 0 0 0 0 0 0 0 0 5 14 0 0 0 0 0 0 0 0 1 7 0 0 0 0 0 0 17 0 0 0 0 0 0 0 0 0 0 1 0 0 0 0 0 0 14 0 0 18 0 17 0 0 0 0 15 0 11 0 0 0 0 8 0 7 0 0 0 0 0 0 0 0 0 0 0 0 0 0 0 0 0 0 0 0 0 0 0 0 0 0 0 0 0 14 
0 0 0 19 0 0 1 0 0 0 0 0 7 0 0 15 0 0 0 0 0 0 0 0 0 12 0 0 0 18 0 18 0 6 0 0 0 0 0 0 0 0 0 0 0 16 0 0 16 0 0 0 6 0 0 0 0 0 0 0 1 0 0 0 0 15 0 0 1 5 3 0 0 0 0 16 13 0 0 7 0 3 0 0 0 0 0 0 0 0 0 11 0 0 0 0 0 0 0 0 
15 0 0 0 0 0 0 0 0 0 0 0 0 13 0 0 5 0 0 9 5 0 0 0 0 0 0 5 9 0 0 0 0 0 0 0 0 0 2 0 0 0 0 0 16 0 1 0 0 3 9 17 0 0 0 0 0 6 13 0 0 0 0 0 0 0 0 18 0 0 0 6 0 0 0 0 0 0 0 0 0 19 8 2 0 0 0 16 0 0 14 0 0 0 14 11 4 18 0 0 
0 0 16 0 0 0 0 0 0 8 0 6 0 0 0 0 0 0 0 0 0 0 0 0 0 0 0 0 0 0 5 0 0 0 13 11 0 16 14 0 0 0 0 0 0 0 12 0 0 0 0 0 0 0 0 9 16 0 0 0 0 0 0 8 0 4 0 0 0 1 0 0 10 0 0 0 0 2 0 0 0 0 0 0 0 0 8 0 0 0 4 0 9 0 0 9 0 0 18 0 
0 0 0 0 0 0 0 0 0 0 14 0 0 0 0 0 0 0 0 0 0 4 10 0 0 0 4 0 0 0 0 0 0 18 0 0 0 0 0 0 0 0 0 0 0 0 0 0 0 0 7 0 9 0 0 0 0 0 0 0 0 9 0 0 0 0 0 0 0 0 0 5 0 0 1 0 0 0 0 1 0 0 0 0 3 0 0 0 0 0 12 0 0 0 0 0 0 0 0 0 
0 0 0 0 8 0 0 0 3 0 0 0 0 15 0 14 11 0 0 6 0 0 0 0 12 8 0 0 0 0 0 0 0 0 0 0 13 0 0 0 0 0 0 2 0 0 0 2 0 0 0 0 0 0 0 0 0 0 0 0 0 0 0 0 0 0 11 0 0 0 0 0 0 0 15 0 0 0 9 0 0 11 0 0 0 0 0 0 4 0 12 0 0 0 0 0 4 0 0 19 
0 0 17 0 19 0 0 0 0 0 0 0 0 0 0 0 0 0 0 0 4 0 9 0 0 0 0 0 14 0 0 0 0 0 0 8 0 0 0 11 0 0 0 0 0 9 0 0 0 0 6 0 0 0 0 0 0 0 0 13 0 0 0 17 0 13 0 0 0 0 10 0 0 0 0 13 0 0 0 0 19 0 0 0 0 0 0 0 0 6 0 0 0 0 3 0 7 19 0 0 
0 0 0 0 0 0 3 0 0 0 0 9 16 0 0 0 15 0 0 0 0 0 15 13 0 0 0 0 0 0 0 0 0 0 0 0 0 0 0 0 1 16 0 0 0 19 0 0 0 0 0 0 0 11 0 0 0 0 0 0 0 0 0 0 0 0 0 0 0 0 0 0 0 0 0 0 0 0 0 0 6 0 0 8 0 0 0 0 0 0 0 0 0 0 0 1 13 6 0 0 
0 0 0 0 0 0 3 0 0 3 0 0 0 0 13 0 0 0 0 0 0 0 0 0 0 0 12 0 0 0 5 0 12 0 0 0 0 11 0 0 0 0 0 0 0 0 0 0 7 0 0 7 0 0 13 0 0 0 0 0 0 16 15 0 0 0 0 0 0 12 0 12 10 0 0 0 0 0 0 0 0 0 4 0 0 14 0 8 0 0 0 0 0 0 0 0 0 0 0 0 
0 0 7 5 0 2 9 0 0 0 18 0 0 16 0 0 0 13 0 0 1 0 0 0 0 0 0 0 0 0 0 0 0 0 0 2 0 0 0 0 0 0 0 0 0 0 18 0 0 0 0 13 0 0 0 0 5 0 0 0 0 0 17 0 0 0 0 0 0 0 0 0 0 0 0 0 3 0 0 0 0 0 0 0 0 0 16 0 0 0 19 0 0 0 0 0 0 11 11 0 
8 0 0 0 5 17 0 1 0 4 0 0 0 0 0 0 0 0 0 0 0 0 0 0 0 0 4 0 0 0 0 2 0 0 0 0 0 0 0 0 0 3 0 0 3 0 0 0 0 0 8 0 0 12 0 0 9 11 0 16 0 0 0 0 18 0 0 0 0 5 0 0 0 0 16 0 0 0 0 10 0 0 0 17 0 0 7 0 18 0 0 0 3 0 0 15 0 0 0 0 
0 0 7 0 14 15 0 0 0 0 10 0 0 8 0 0 0 0 0 0 3 19 0 0 17 4 11 0 11 0 0 0 0 0 12 0 0 0 19 0 0 0 0 0 12 0 0 0 0 0 0 0 0 12 0 0 18 0 0 0 8 0 0 0 0 0 0 0 0 0 0 0 0 0 0 0 0 0 0 0 0 18 0 7 0 0 0 0 0 3 0 9 9 0 0 0 0 0 0 0 
0 13 6 0 0 0 0 0 1 0 0 0 0 11 0 8 0 0 12 14 2 0 0 0 0 0 0 17 0 0 0 9 0 0 11 0 0 0 0 0 0 0 0 18 0 0 0 5 0 0 0 0 0 0 0 0 0 0 0 0 13 0 11 0 5 0 0 0 0 0 0 0 0 0 0 0 0 0 0 0 0 0 0 0 0 0 0 0 9 0 0 0 0 0 0 2 0 0 0 0 
0 0 0 0 0 0 0 0 13 18 0 0 0 6 0 16 0 0 0 18 0 16 0 0 0 0 0 0 0 0 9 0 0 16 0 5 0 11 0 0 0 0 0 0 0 0 0 0 0 0 0 0 0 0 9 4 0 0 11 0 0 0 0 0 13 0 0 0 0 11 15 7 0 0 0 3 0 0 0 0 0 0 8 0 0 19 0 0 0 0 0 0 0 0 0 0 0 0 0 0 
0 0 0 18 8 0 0 0 13 0 1 0 0 0 0 0 0 0 0 0 0 0 0 11 0 1 0 4 3 0 0 0 0 16 0 0 0 0 0 0 0 15 0 9 0 0 0 0 0 0 0 0 10 0 0 0 0 0 0 0 0 0 0 0 0 0 0 0 0 0 0 0 0 0 0 0 0 0 0 10 0 0 0 0 0 0 0 0 10 0 0 0 0 0 0 0 0 2 0 0 
0 0 0 0 0 0 0 0 0 0 0 0 0 0 0 12 0 0 18 0 5 0 0 0 0 0 9 8 12 0 0 13 0 8 0 0 0 0 0 0 0 0 0 0 0 0 2 0 0 0 0 0 0 16 0 6 10 14 0 0 0 10 9 0 0 0 14 0 9 0 0 10 0 0 0 0 0 0 0 0 0 0 0 0 5 0 0 0 9 0 0 0 19 0 0 0 0 0 0 0 
0 0 0 0 0 0 0 0 0 0 0 0 0 0 0 11 15 0 0 0 0 2 0 0 17 6 0 0 0 0 0 0 13 0 0 0 3 18 0 0 0 0 0 0 0 0 0 0 0 8 0 9 0 0 0 0 0 0 0 0 0 0 12 0 0 0 0 7 0 8 0 0 0 0 0 0 0 0 0 0 10 5 0 0 0 4 0 13 0 0 0 0 0 0 9 0 0 0 0 0 
0 0 1 0 0 0 0 0 0 0 16 0 15 0 0 0 0 18 0 0 0 0 0 0 7 0 0 0 0 0 0 0 0 0 0 0 0 19 0 0 0 0 0 0 0 0 0 0 0 0 0 0 0 0 12 0 14 15 0 0 0 7 8 0 0 0 0 0 0 0 0 0 0 0 0 0 0 0 0 0 0 0 0 0 0 0 0 0 0 0 0 0 0 4 0 0 0 0 0 0 
0 0 0 0 0 0 0 0 0 0 6 0 12 0 16 0 0 0 0 2 0 0 0 18 0 0 0 0 0 3 0 18 9 0 0 0 8 0 0 0 7 0 0 0 0 0 0 0 0 0 0 0 0 0 0 0 0 0 0 0 12 0 12 0 0 0 0 0 0 0 12 0 0 0 0 0 0 0 0 15 0 17 0 18 0 0 0 0 0 0 0 0 0 14 0 0 0 0 0 0 
0 0 0 8 0 0 0 0 13 7 0 0 9 0 0 0 0 0 0 16 0 0 0 0 0 12 0 7 0 0 3 0 0 0 0 0 0 0 11 0 0 0 0 0 0 0 6 0 0 0 0 0 0 0 0 0 0 0 0 0 0 0 10 0 0 16 0 0 0 0 0 0 0 0 0 0 0 0 0 0 9 0 16 3 0 0 0 16 0 0 10 19 11 0 0 0 0 0 0 0 
0 0 0 0 6 0 0 13 11 0 0 0 0 0 18 0 0 0 0 0 4 0 0 0 0 13 0 0 0 0 3 0 0 0 0 0 0 0 0 0 0 0 11 0 0 0 11 0 0 0 0 0 0 0 0 18 19 0 0 0 0 0 0 0 0 0 0 0 0 0 14 0 9 0 0 0 0 0 0 0 0 0 0 0 0 0 0 0 0 0 0 0 0 0 0 0 0 0 0 0 
17 0 0 0 0 0 0 0 4 13 0 14 0 0 0 0 0 0 15 0 0 0 0 0 0 17 0 0 0 2 0 0 0 0 0 0 0 10 0 14 0 0 3 0 0 19 0 0 0 17 13 0 0 0 0 0 0 0 9 0 0 0 5 0 0 4 0 0 14 18 0 0 9 0 0 11 0 0 9 0 0 12 0 0 0 5 0 0 0 17 0 0 5 0 0 0 0 0 7 11 
0 0 0 8 0 1 0 0 0 0 0 0 7 0 1 0 19 0 0 0 0 0 0 0 19 0 0 0 0 0 0 0 0 0 0 0 0 0 0 0 0 0 0 0 0 0 0 10 0 0 0 0 0 0 0 0 0 0 0 0 14 0 0 13 0 14 0 0 0 2 2 0 12 0 0 0 0 12 16 0 0 0 0 0 9 18 0 2 0 10 17 0 0 0 0 0 0 0 0 0 
16 0 0 19 0 0 0 0 0 9 0 0 6 0 0 0 0 0 0 0 0 0 0 0 0 0 0 0 0 0 0 0 0 0 0 0 0 0 0 0 0 0 0 0 16 0 16 0 0 3 0 14 0 0 0 0 0 16 0 0 0 0 0 0 0 0 11 0 0 0 12 0 0 0 0 0 0 0 13 0 0 0 0 0 0 0 0 0 0 0 0 0 0 0 0 0 1 0 0 0 
0 3 0 0 0 0 0 10 6 9 0 0 0 0 0 0 0 0 0 6 0 16 0 0 18 0 4 2 0 0 0 9 0 0 7 0 0 0 0 0 0 12 0 0 8 0 12 0 0 13 0 0 0 0 0 0 0 0 0 0 0 0 0 0 0 0 0 0 0 0 0 8 0 0 0 0 0 0 0 0 0 0 0 0 0 0 0 0 0 0 0 0 0 15 0 4 1 0 14 0 
